                           user     system      total        real
net_http:              2.756530   1.097274   3.853804 (239.909894)
net_http_persistent:   0.987073   0.226475   1.213548 (209.220071)
patron:               13.184466   1.954122  15.138588 (260.292034)
httpclient:            1.152038   0.327916   1.479954 (208.500061)
typhoeus:              0.899679   0.118190   1.017869 (210.302479)
excon:                 3.717921   0.814930   4.532851 (253.256614)